x = [51 107 115 131 142 172 174 196 224 249 329 391 468 516 554 599 670 786 834 972 1082]