% guinea - 1
idxC1_1 = [1];
idxC2_1 = [4 5 2 3 6 7 8 9 10 11 12 13];
num_1 = [301   231   225   167   119   102    18    16    12    11    11    10];


% Sierra Leone - 2
idxC1_2 = [2];
idxC2_2 = [1 3 12 14 15 8 16 17 18 13 5 19];
num_2 = [ 417   157    54    22    10    10     9     6     4     4     3     3];

% Liberia - 3
idxC1_3 = [3];
idxC2_3 = [5 1 2 13 12 20 18 21 22 23 9 19];
num_3 = [191   144    73    24    16    12     7     5     4     2     2     1];
